"01001000 01100101 01101100 01101100 01101111 00101100 00100000 01010111 01101111 01110010 01101100 01100100 00100001",
"01001100 01100101 01110100 00100000 01110101 01110011 00100000 01110011 01100101 01100101 00100000 01101001 01100110 00100000 01110111 01100101 00100000 01100011 01100001 01101110 00100000 01100100 01101111 00100000 01110011 01101111 01101101 01100101 00100000 01101101 01100001 01110100 01101000 00100001", 
"01010111 01100101 00100000 01110111 01101001 01101100 01101100 00100000 01110011 01110100 01100001 01110010 01110100 00100000 01100010 01111001 00100000 01100001 01100100 01100100 01101001 01101110 01100111 00100000 00110101 00100000 01100001 01101110 01100100 00100000 00110001 00110000 00100000 01110100 01101111 00100000 01101111 01110101 01110010 00100000 01110010 01100101 01100111 01101001 01110011 01110100 01100101 01110010 00101110",
"0b00000100000000000000000101000000",
"0b00000100000000000000001010000000",
"01000001 01100100 01100100 01101001 01101110 01100111 00100000 00110101 00100000 01110100 01101111 00100000 00110001 00110000 00111010",
"0b00000000001000100000000000100000",
"01010011 01110101 01100010 01110100 01110010 01100001 01100011 01110100 01101001 01101110 01100111 00100000 00110101 00100000 01100110 01110010 01101111 01101101 00100000 00110001 00110000 00111010",
"0b00000000001000100000000000100010",
"01001101 01110101 01101100 01110100 01101001 01110000 01101100 01111001 00100000 00110101 00100000 01100010 01111001 00100000 00110001 00110000 00111010",
"0b00000000001000100000000000011000",
"01000100 01101001 01110110 01101001 01100100 01101001 01101110 01100111 00100000 00110101 00100000 01100010 01111001 00100000 00110001 00110000 00111010",
"0b00000000001000100000000000011010",
"01001110 01101111 01110111 00100000 01101100 01100101 01110100 00100000 01110101 01110011 00100000 01110010 01100101 01100011 01100001 01101100 01101100 00100000 01101111 01110101 01110010 00100000 01100101 01101110 01110100 01110010 01101001 01100101 01110011 00101110",
"0b10000100000000000000000000000000",
"0b10000100000000000000000000000000",
"0b10000100000000000000000000000000",
"0b10000100000000000000000000000000",
"01010100 01101000 01100001 01101110 01101011 00100000 01111001 01101111 01110101 00100000 01100110 01101111 01110010 00100000 01110010 01110101 01101110 01101110 01101001 01101110 01100111 00100000 01101101 01111001 00100000 01100011 01101111 01100100 01100101 00100000 00101000 00111000 01000100 00101001"